// Nexus Buddy BR2 - Exported from Blender for import to Nexus Buddy 2
skeleton
0 "point_WORLD" -1 0.00000000 0.00000000 0.00000000 0.00000000 0.00000000 0.00000000 1.00000000 1.00000000 0.00000000 0.00000000 0.00000000 0.00000000 1.00000000 0.00000000 0.00000000 0.00000000 0.00000000 1.00000000 0.00000000 0.00000000 0.00000000 0.00000000 1.00000000
1 "Base Human" 0 -0.00000000 0.06524308 0.00000000 0.70710683 -0.00000015 0.70710671 -0.00000012 0.00000011 -0.00000038 1.00000000 -0.00000000 0.00000000 -1.00000000 -0.00000038 0.00000000 1.00000000 0.00000000 -0.00000011 -0.00000000 -0.00000000 0.06524308 0.00000003 1.00000000
2 "Point_PROJECTILE" 0 -34.37744141 -14.61695004 134.58259583 0.12354172 -0.09165666 -0.09568238 0.98345381 0.96488792 0.16555160 -0.20392172 -0.00000000 -0.21084528 0.95116472 -0.22545531 0.00000000 0.15663865 0.26053503 0.95267320 -0.00000000 9.00762749 -15.46911526 -138.51899719 1.00000000
3 "CHARACTER_REORIENT" 1 61.45286179 -5.70716858 0.00003095 -0.00002580 -0.00000685 -0.00169372 0.99999857 0.00001391 -0.00005196 1.00000000 -0.00000000 0.00338744 -0.99999428 -0.00005201 0.00000000 0.99999428 0.00338745 -0.00001373 -0.00000000 -61.47206497 5.56420755 0.00110405 1.00000000
4 "Base HumanPelvis" 3 0.10092504 5.17876101 -0.06356685 -0.00000083 -0.00107627 -0.00059104 0.99999923 0.00216650 -0.00005234 0.99999768 -0.00000000 0.00456939 -0.99998957 -0.00006222 0.00000000 0.99998724 0.00456952 -0.00216624 -0.00000000 -61.57312012 0.31266198 0.19720945 1.00000000
5 "Base HumanLThigh" 4 -0.21918204 1.39381778 7.03977919 0.02095243 -0.99058980 -0.08170002 0.10778689 0.20801000 0.16627537 -0.96389019 -0.00000000 0.05464966 -0.98588163 -0.15827551 -0.00000000 -0.97659886 -0.01975340 -0.21416011 -0.00000000 58.50059509 -0.73801053 19.73400688 1.00000000
6 "Base HumanRLegThigh" 4 -0.21916409 1.39381254 -7.03978014 -0.02180943 0.99093956 -0.08186055 0.10422106 -0.20509648 -0.16689162 -0.96440798 -0.00000000 0.05583305 -0.98574525 0.15871030 -0.00000000 -0.97714794 -0.02129491 0.21149097 -0.00000000 58.55892944 -0.66759604 -19.70423698 1.00000000
7 "Base HumanSpine1" 4 3.72124076 2.25487304 0.00000192 -0.00000022 0.00002289 0.00174498 0.99999851 0.00212052 -0.00006025 0.99999779 -0.00000000 0.00107944 -0.99999934 -0.00006252 0.00000000 0.99999720 0.00107957 -0.00212045 -0.00000000 -65.30075073 -1.71432459 0.19421703 1.00000000
8 "Base HumanLCalf" 5 29.43744087 0.00033796 -0.00195792 -0.00005092 -0.00044375 -0.05784760 0.99832535 0.18655302 0.18923651 -0.96404743 -0.00000000 0.16801342 -0.97296327 -0.15847440 -0.00000000 -0.96797180 -0.13240904 -0.21330351 -0.00000000 28.97151375 2.62243605 19.71026421 1.00000000
9 "Base HumanRLegCalf" 6 29.43744278 0.00219266 0.01267633 -0.00000848 0.00018155 -0.05652606 0.99840111 -0.18459985 -0.18893850 -0.96448183 -0.00000000 0.16668129 -0.97314996 0.15873413 -0.00000000 -0.96857643 -0.13145879 0.21113586 -0.00000000 29.01811790 2.62221122 -19.70632362 1.00000000
10 "Base HumanSpine2" 7 17.75056839 -0.00000162 0.00001226 0.00000049 0.00000292 -0.09270524 0.99569362 0.00208929 0.00033268 0.99999779 -0.00000000 0.18567280 -0.98261160 -0.00006101 0.00000000 0.98260945 0.18567252 -0.00211473 0.00000000 -81.30731201 -17.01712990 0.19373246 1.00000000
11 "Base HumanLFoot" 8 26.90666962 0.00422618 -0.02146142 -0.06683093 -0.08212627 0.62238359 0.77551764 0.18166131 0.06138436 -0.98144335 -0.00000000 -0.92133969 -0.33821341 -0.19169000 0.00000000 -0.34370407 0.93906534 -0.00488447 0.00000000 3.86548924 -5.46664476 18.85824585 1.00000000
12 "Base HumanRLegFoot" 9 26.90665245 0.00416723 0.02139249 0.06621467 0.08118549 0.62207371 0.77591813 -0.18166249 -0.06135637 -0.98144495 -0.00000000 -0.92134005 -0.33821693 0.19168137 0.00000000 -0.34370217 0.93906593 0.00491126 0.00000000 3.86519432 -5.46650648 -18.85929108 1.00000000
13 "Base HumanRibcage" 10 17.07044792 -0.00002548 0.00010558 -0.00000014 -0.00000185 0.01943969 0.99981105 0.00210435 0.00025087 0.99999779 -0.00000000 0.14733636 -0.98908639 -0.00006190 0.00000000 0.98908430 0.14733617 -0.00211834 0.00000000 -98.96489716 -13.18010044 0.19398846 1.00000000
14 "Base HumanLCollarbone" 13 -1.53770995 0.75097948 3.59999466 0.09444216 -0.82322592 0.02265636 0.55934471 0.92442876 0.06821431 -0.37520438 -0.00000000 0.07615656 -0.99707562 0.00636048 -0.00000000 -0.37367326 -0.03445411 -0.92692035 -0.00000000 33.38764954 3.71766424 92.56983948 1.00000000
15 "Base HumanNeck1" 13 -0.00001467 1.49999523 -0.00000065 -0.00000080 -0.00000000 0.17803495 0.98402417 0.00205857 -0.00050393 0.99999774 -0.00000000 -0.20856115 -0.97800922 -0.00006349 0.00000000 0.97800720 -0.20856060 -0.00211840 -0.00000000 -97.83483887 20.92596626 0.19399510 1.00000000
16 "Base HumanRCollarbone" 13 -1.53769553 0.75097960 -3.60000277 -0.08335693 0.82711530 0.03172901 0.55490994 -0.92404157 -0.04014144 -0.38017857 -0.00000000 0.04706300 -0.99885195 -0.00892430 -0.00000000 -0.37938395 -0.02613877 0.92487007 -0.00000000 34.00037766 3.00386357 -92.38765717 1.00000000
17 "Base HumanLUpperarm" 14 11.38395691 -2.85543919 0.40404657 0.00436953 -0.02541974 0.06785294 0.99736190 0.90469211 -0.05971720 -0.42186034 -0.00000000 -0.05904739 -0.99814749 0.01466566 0.00000000 -0.42195469 0.01164182 -0.90654224 0.00000000 27.38879395 4.01466751 90.86054230 1.00000000
18 "Base HumanNeck2" 15 5.26366663 -0.00001139 0.00001061 -0.00000138 -0.00000790 -0.10264129 0.99471843 0.00213409 -0.00007408 0.99999779 -0.00000000 -0.00445879 -0.99998999 -0.00006454 0.00000000 0.99998790 -0.00445865 -0.00213440 -0.00000000 -105.19922638 -0.56749082 0.19566618 1.00000000
19 "Base HumanRUpperarm" 16 11.30396843 -2.86516929 -0.41171041 0.00148319 0.03549448 0.04210415 0.99848145 -0.89491642 0.03533521 -0.44483259 -0.00000000 -0.03668005 -0.99931127 -0.00558702 0.00000000 -0.44472378 0.01131656 0.89559639 0.00000000 29.56071472 3.39493275 -90.13205719 1.00000000
20 "Base HumanLForearm" 17 20.09357262 -0.00342358 -0.02437835 0.00000254 0.03377910 0.07473303 0.99663132 0.91203040 -0.19594730 -0.36028498 -0.00000000 -0.20792729 -0.97812819 0.00562206 0.00000000 -0.35350659 0.06978559 -0.93282533 0.00000000 1.67632878 3.34581709 91.18896484 1.00000000
21 "Base HumanRForearm" 19 20.09359169 -0.00033444 0.00423402 0.00004934 -0.03344192 0.07470042 0.99664515 -0.90732151 0.17037526 -0.38436961 0.00000000 -0.18535489 -0.98266953 0.00196136 0.00000000 -0.37737426 0.07302438 0.92317724 -0.00000000 3.83673286 2.38917112 -90.58298492 1.00000000
22 "Base HumanLPalm" 20 14.99998474 -0.00658364 -0.01217420 -0.66314662 -0.04081828 -0.01815763 0.74715513 0.87244642 0.40713286 -0.27033362 -0.00000000 -0.23303230 -0.13965437 -0.96238911 0.00000000 -0.42957357 0.90262920 -0.02696582 0.00000000 -5.42077208 -90.92144012 14.50222015 1.00000000
23 "Base HumanRPalm" 21 14.99998474 -0.00331848 0.00737971 0.66313106 0.04138801 -0.01833906 0.74713320 -0.86579949 -0.43453592 -0.24813263 -0.00000000 -0.21177575 -0.13107815 0.96848804 0.00000000 -0.45336777 0.89106500 0.02146323 0.00000000 -3.24581981 -90.25990295 -13.40030193 1.00000000
24 "point_BOW" 22 -103.37100983 1.34988856 21.09656334 -0.39206457 -0.35327300 0.60790610 0.59324002 0.43183944 -0.16466877 -0.88679141 -0.00000000 -0.08668479 0.97106445 -0.22253026 0.00000000 0.89777517 0.17296873 0.40506974 -0.00000000 -90.62676239 -33.32188416 -93.95835114 1.00000000
25 "point_HAND" 23 9.75005341 -1.60521555 -0.93721151 0.70853329 -0.70567232 0.00226588 0.00144475 0.42970636 0.86783379 0.24943314 -0.00000000 0.13533229 0.21122035 -0.96802413 0.00000000 -0.89276963 0.44972265 -0.02668321 -0.00000000 88.53423309 13.36959743 12.91591835 1.00000000
26 "point_STRING" 24 0.00170977 10.06460381 -0.00000921 0.00000009 -0.00000010 -0.00000048 1.00000000 0.43183938 -0.16466850 -0.88679135 -0.00000000 -0.08668575 0.97106427 -0.22253039 0.00000000 0.89777499 0.17296964 0.40506947 -0.00000000 -90.62844849 -43.38658905 -93.95831299 1.00000000
meshes:1
mesh:"Archer_MOD.001"
vertices
11.14694786 6.38908148 84.43084717 0.72392958 0.64622945 -0.24137089 0.80975050 0.13962460 10 10 10 10 255 0 0 0
6.96926069 9.42434025 86.71056366 0.33091220 0.90771204 -0.25785089 0.82525045 0.17222452 10 10 10 10 255 0 0 0
11.61113548 6.42416191 85.48828888 0.72618794 0.59825432 -0.33863339 0.82525045 0.13962460 10 10 10 10 255 0 0 0
6.32455635 9.29898357 85.65924835 0.22513504 0.95818967 -0.17654958 0.80975050 0.17222452 10 10 10 10 255 0 0 0
0.55444777 10.29325581 89.02803040 0.12268441 0.98904383 -0.08172857 0.82525045 0.22822458 10 10 10 10 255 0 0 0
-0.02578679 10.39351654 87.98394012 0.16989654 0.98544270 0.00018311 0.80975050 0.22822458 10 10 10 10 255 0 0 0
12.57174492 3.45650005 84.18232727 0.99450666 0.05624561 0.08810694 0.80975050 0.11622453 10 10 10 10 255 0 0 0
12.52661610 3.29142380 85.32934570 0.97598195 0.19391461 -0.09909360 0.82525045 0.11622453 10 10 10 10 255 0 0 0
12.04953384 -0.90250677 84.41245270 0.97344887 -0.20172735 0.10812708 0.80975050 0.05222458 10 10 10 10 255 0 0 0
11.88835812 -0.72629249 85.67668915 0.98113954 -0.16284677 0.10394605 0.82525045 0.05232453 10 10 10 10 255 0 0 0
10.91485405 -4.90057850 84.66963196 0.87386698 -0.48426771 -0.04257332 0.80975050 0.07632458 10 10 10 10 255 0 0 0
10.88261890 -4.87290955 86.01071167 0.93731499 -0.34089175 0.07199316 0.82525045 0.07632458 10 10 10 10 255 0 0 0
0.38682455 -8.43631744 94.94069672 -0.08981597 -0.84835351 0.52168339 0.82525045 0.17872459 10 10 10 10 255 0 0 0
-2.93340468 -6.91289520 96.27398682 -0.28104496 -0.72591329 0.62770468 0.80975050 0.21722460 10 10 10 10 255 0 0 0
0.01289615 -9.06487560 93.98439026 -0.04211554 -0.82726526 0.56019777 0.80975050 0.17872459 10 10 10 10 255 0 0 0
-1.91477120 -6.76032114 96.90631866 -0.27356791 -0.73665577 0.61845762 0.82525045 0.21722460 10 10 10 10 255 0 0 0
-5.54445934 9.93732834 96.99540710 -0.06729332 0.93166906 0.35700554 0.80975050 0.36972457 10 10 10 10 255 0 0 0
-6.73716307 7.11887741 101.09903717 -0.22202216 0.65782648 0.71968746 0.80975050 0.33202457 10 10 10 10 255 0 0 0
-3.89401579 9.93675423 97.16303253 -0.10538042 0.89605397 0.43119603 0.82525045 0.36982459 10 10 10 10 255 0 0 0
-5.25434208 7.25906467 101.58305359 -0.42612994 0.45393232 0.78249460 0.82525045 0.33212459 10 10 10 10 255 0 0 0
-0.02578679 10.39351654 87.98394012 0.17377239 0.98477125 -0.00198370 0.80975050 0.41492456 10 10 10 10 255 0 0 0
-4.64831877 11.21762371 92.09997559 0.04748680 0.99856561 0.02441481 0.80975050 0.38352454 10 10 10 10 255 0 0 0
0.55444777 10.29325581 89.02803040 0.12829982 0.98846400 -0.08008057 0.82525045 0.41482455 10 10 10 10 255 0 0 0
-3.53298092 11.21569729 92.66731262 -0.02093570 0.99279761 0.11770989 0.82525045 0.38362455 10 10 10 10 255 0 0 0
8.21998787 -9.12899590 88.20113373 0.65480512 -0.75469220 -0.04043702 0.82525045 0.09362459 10 10 10 10 255 0 0 0
7.92342472 -9.23574352 87.36264801 0.47785881 -0.87832272 0.01217689 0.80975050 0.09362459 10 10 10 10 255 0 0 0
-6.76939821 4.65532970 101.32276154 -0.53932309 0.06778161 0.83932006 0.80975050 0.29082453 10 10 10 10 255 0 0 0
-5.73787022 4.65238428 102.18666077 -0.60856962 -0.03799554 0.79256570 0.82525045 0.29082453 10 10 10 10 255 0 0 0
-6.36323404 0.44115633 100.67014313 -0.54335153 -0.34070864 0.76720482 0.80975050 0.26772457 10 10 10 10 255 0 0 0
-5.42841244 0.43911675 101.26972198 -0.44676045 -0.48530534 0.75154883 0.82525045 0.26772457 10 10 10 10 255 0 0 0
2.93340850 -10.51958179 91.40704346 0.11792352 -0.90731531 0.40351573 0.80975050 0.14622456 10 10 10 10 255 0 0 0
3.48785543 -10.11003113 92.30458832 0.18222602 -0.95492417 0.23429060 0.82525045 0.14622456 10 10 10 10 255 0 0 0
16.79149055 9.53460026 0.48527217 -0.42310861 0.75911742 0.49461347 0.46300173 0.31451708 11 11 11 11 255 0 0 0
14.52149868 6.95613480 0.44701326 -0.46259958 0.04116947 0.88558608 0.44765335 0.30354953 11 11 11 11 255 0 0 0
20.15996361 8.68656635 0.51398456 0.37195960 0.64531386 0.66719568 0.47964156 0.30532724 11 11 11 11 255 0 0 0
22.12901878 4.71465349 0.50987148 0.73668629 0.29358807 0.60911894 0.48480517 0.28101748 11 11 11 11 255 0 0 0
24.89524651 -7.58421803 0.46374369 0.71727651 -0.12161626 0.68605608 0.48323971 0.21026212 11 11 11 11 255 0 0 0
20.73915291 -10.14453602 0.40666020 0.26602983 -0.69740897 0.66542560 0.45797479 0.20195240 11 11 11 11 255 0 0 0
17.80977440 -10.18170452 0.37705421 -0.34992522 -0.77898496 0.52027953 0.44248712 0.20572412 11 11 11 11 255 0 0 0
16.76313400 9.65442657 -0.16762066 -0.09637745 0.97573781 -0.19641712 0.46296978 0.31519598 11 11 11 11 255 0 0 0
14.46470451 7.04366112 -0.20636749 -0.45146030 0.21399578 -0.86623740 0.44742912 0.30409098 11 11 11 11 255 0 0 0
20.17380714 8.79576969 -0.13857144 0.63588369 0.57655567 -0.51301616 0.47981817 0.30589074 11 11 11 11 255 0 0 0
22.16752625 4.77409792 -0.14272320 0.82384717 0.25690481 -0.50517291 0.48504657 0.28127664 11 11 11 11 255 0 0 0
24.96841049 -7.67885017 -0.18943083 0.68819237 -0.49262977 -0.53260905 0.48346138 0.20963490 11 11 11 11 255 0 0 0
20.76025581 -10.27124310 -0.24721804 0.17416914 -0.87505722 -0.45152134 0.45787996 0.20122111 11 11 11 11 255 0 0 0
17.79417801 -10.30887890 -0.27720493 -0.78756064 -0.54896694 -0.27985474 0.44219840 0.20503992 11 11 11 11 255 0 0 0
-15.44649601 7.15065718 0.55679560 0.44538713 0.07443465 0.89220864 0.44765335 0.30354953 12 12 12 12 255 0 0 0
-17.88422394 9.57145214 0.55168056 0.36384168 0.78710288 0.49806207 0.46300173 0.31451708 12 12 12 12 255 0 0 0
-21.18846512 8.49988079 0.53336656 -0.42435989 0.62074649 0.65919983 0.47964156 0.30532724 12 12 12 12 255 0 0 0
-22.88709068 4.40505362 0.51466227 -0.76381725 0.24527726 0.59700310 0.48480517 0.28101748 12 12 12 12 255 0 0 0
-24.82328033 -8.05150509 0.47295284 -0.71779537 -0.16751610 0.67574084 0.48323971 0.21026212 12 12 12 12 255 0 0 0
-20.50481796 -10.32796764 0.48726809 -0.22879727 -0.71184421 0.66399121 0.45797479 0.20195240 12 12 12 12 255 0 0 0
-17.57940674 -10.16901684 0.50143456 0.39335307 -0.75240332 0.52830589 0.44248712 0.20572412 12 12 12 12 255 0 0 0
-17.85409164 9.69113636 -0.10115480 0.03384503 0.97949153 -0.19858395 0.46296978 0.31519598 12 12 12 12 255 0 0 0
-15.38582134 7.24002314 -0.09598279 0.44914091 0.24140140 -0.86019468 0.44742912 0.30409098 12 12 12 12 255 0 0 0
-21.19972229 8.60614777 -0.11971951 -0.66521198 0.53129673 -0.52455217 0.47981817 0.30589074 12 12 12 12 255 0 0 0
-22.91962624 4.46002245 -0.13865376 -0.83147681 0.19980468 -0.51835686 0.48504657 0.28127664 12 12 12 12 255 0 0 0
-24.88007355 -8.15258694 -0.18088150 -0.64555806 -0.53904843 -0.54094058 0.48346138 0.20963490 12 12 12 12 255 0 0 0
-20.50751305 -10.45757198 -0.16637778 -0.10840175 -0.88598287 -0.45081943 0.45787996 0.20122111 12 12 12 12 255 0 0 0
-17.54545212 -10.29662228 -0.15204382 0.82665485 -0.49577320 -0.26606035 0.44219840 0.20503992 12 12 12 12 255 0 0 0
1.20235300 -4.47149038 69.35781097 0.11386456 -0.01470992 0.99337751 0.56824881 0.93992771 7 7 7 7 255 0 0 0
-11.45502377 -1.15450668 70.85778809 -0.27838984 0.01242103 0.96035647 0.55850023 0.94000573 7 7 7 7 255 0 0 0
-8.70737076 -6.82350016 70.72535706 -0.38645589 -0.26596880 0.88308358 0.55927998 0.90140148 7 7 7 7 255 0 0 0
1.20235300 -4.47149038 69.35781097 0.11893063 0.07452620 0.99008149 0.56871659 0.90140136 7 7 7 7 255 0 0 0
-4.96277618 -10.65282440 70.56381989 -0.23343608 -0.38032165 0.89486372 0.56029367 0.86521478 7 7 7 7 255 0 0 0
8.34103298 -7.53896284 70.71585083 0.37083042 -0.26767784 0.88924831 0.55935740 0.75088371 7 7 7 7 255 0 0 0
1.20235300 -4.47149038 69.35781097 -0.14206366 0.10507523 0.98425245 0.56879401 0.75080563 7 7 7 7 255 0 0 0
4.96412468 -10.67988586 70.56372833 0.21677297 -0.38743249 0.89602345 0.56029332 0.78512062 7 7 7 7 255 0 0 0
-6.13901949 6.39417362 70.84105682 -0.29548022 0.31168553 0.90304267 0.55873400 0.89531840 7 7 7 7 255 0 0 0
1.20235300 -4.47149038 69.35781097 0.04559465 -0.10477004 0.99343854 0.56840456 0.89734603 7 7 7 7 255 0 0 0
0.00408859 8.39586449 70.77010345 0.00646992 0.51264989 0.85854673 0.55935764 0.82427086 7 7 7 7 255 0 0 0
1.20235300 -4.47149038 69.35781097 0.04638813 0.14648885 0.98809779 0.56934035 0.86521472 7 7 7 7 255 0 0 0
-0.00215778 -11.44280624 70.44799042 -0.00567644 -0.56544697 0.82473218 0.56115139 0.82434882 7 7 7 7 255 0 0 0
1.20235300 -4.47149038 69.35781097 -0.13788262 -0.00994903 0.99038666 0.56824791 0.68958467 7 7 7 7 255 0 0 0
11.72073364 -0.84685159 70.85883331 0.41572315 -0.05929746 0.90752894 0.55849934 0.68942875 7 7 7 7 255 0 0 0
6.58368206 6.09861422 70.83298492 0.29242834 0.31269264 0.90368360 0.55881143 0.74932396 7 7 7 7 255 0 0 0
1.20235300 -4.47149038 69.35781097 -0.04910428 -0.11346782 0.99230933 0.56848204 0.74721813 7 7 7 7 255 0 0 0
1.20235300 -4.47149038 69.35781097 -0.04791406 0.16238900 0.98553425 0.56933999 0.78512062 7 7 7 7 255 0 0 0
-0.03963987 -11.98515034 67.71681213 -0.01767022 -0.82833338 -0.55992311 0.82268643 0.48751265 7 7 7 7 255 0 0 0
-1.70756102 -11.73549271 67.86614990 -0.72905666 -0.53599656 -0.42561114 0.83239901 0.48676556 7 7 7 7 255 0 0 0
-1.90121400 -10.81758881 67.67835999 -0.50514239 -0.30420852 -0.80761129 0.83354849 0.48774260 7 7 7 7 255 0 0 0
-0.00840512 -11.45212650 67.53478241 0.03863643 -0.37501144 -0.92617571 0.82251400 0.48848969 7 7 7 7 255 0 0 0
-1.89496768 -11.80437851 69.25887299 -0.62788779 -0.77620775 0.05685598 0.83349097 0.47958165 7 7 7 7 255 0 0 0
-2.08862162 -10.82300854 69.26928711 -0.97781307 -0.20523697 -0.04132206 0.83464044 0.47952420 7 7 7 7 255 0 0 0
1.58455384 -11.73566246 67.91564178 0.49742118 -0.57966858 -0.64537489 0.81320363 0.48647827 7 7 7 7 255 0 0 0
1.54707170 -11.40790558 67.73291779 0.88201547 -0.23258156 -0.40980256 0.81343353 0.48745519 7 7 7 7 255 0 0 0
1.60954130 -11.80437851 69.25887299 0.66765344 -0.74376661 0.03183081 0.81308872 0.47958165 7 7 7 7 255 0 0 0
1.80319512 -10.79735470 69.26936340 0.98046815 -0.19580676 0.01712088 0.81199676 0.47958165 7 7 7 7 255 0 0 0
-1.70131373 -11.50256157 71.04174805 -0.43610951 -0.25223547 0.86379588 0.83239901 0.47044367 7 7 7 7 255 0 0 0
-1.90121400 -10.68089581 70.86071014 -0.83816034 -0.07882931 0.53965878 0.83354849 0.47136325 7 7 7 7 255 0 0 0
-0.03963987 -11.74666405 71.14697266 0.01058992 -0.63930172 0.76885283 0.82268643 0.46986908 7 7 7 7 255 0 0 0
-0.03963987 -11.17515755 70.96509552 -0.01159703 0.27430037 0.96154666 0.82268643 0.47084600 7 7 7 7 255 0 0 0
1.53457808 -11.50246525 71.01346588 0.77861875 -0.42277291 0.46363720 0.81349099 0.47055858 7 7 7 7 255 0 0 0
1.72823191 -10.65516758 70.83957672 0.44669941 0.12521744 0.88586080 0.81239903 0.47147816 7 7 7 7 255 0 0 0
-0.03963987 -12.18905163 69.20099640 0.01226844 -0.99896234 0.04376354 0.82268643 0.47986907 7 7 7 7 255 0 0 0
8.54718018 -7.66969395 69.54872131 0.90490431 -0.42503127 0.02160710 0.56746829 0.74901187 7 7 7 7 255 0 0 0
11.70824146 -0.94471425 69.45847321 0.99935913 -0.00421155 0.03518784 0.56824791 0.68958467 7 7 7 7 255 0 0 0
-8.45749664 -6.72086668 70.72569275 0.01327555 -0.02133244 0.99966431 0.55927992 0.89921780 7 7 7 7 255 0 0 0
-11.15517139 -1.23145604 70.85045624 0.01507614 -0.00851466 0.99984741 0.55850023 0.93641831 7 7 7 7 255 0 0 0
-4.81909800 -10.44756508 70.56451416 0.01864681 -0.02316355 0.99954224 0.56029367 0.86404498 7 7 7 7 255 0 0 0
8.09115791 -7.42350960 70.71623993 -0.01620533 -0.02349925 0.99957275 0.55935740 0.75306739 7 7 7 7 255 0 0 0
4.82044649 -10.42972660 70.56458282 -0.02423170 -0.01263466 0.99960327 0.56029332 0.78621246 7 7 7 7 255 0 0 0
-5.90788460 6.16325903 70.84027863 0.00848415 0.00070193 0.99993896 0.55881196 0.89329065 7 7 7 7 255 0 0 0
0.00408859 8.08797932 70.76905823 -0.00192267 -0.00057985 0.99996948 0.55935764 0.82427086 7 7 7 7 255 0 0 0
0.00408859 -11.19264793 70.44885254 0.00674459 -0.00833155 0.99993896 0.56107342 0.82434882 7 7 7 7 255 0 0 0
6.34005451 5.86128283 70.83217621 -0.01123081 -0.00250252 0.99990845 0.55881143 0.75142957 7 7 7 7 255 0 0 0
11.42712975 -0.92380095 70.85149384 -0.01678518 -0.01358074 0.99975586 0.55849934 0.69293827 7 7 7 7 255 0 0 0
-11.44877625 -1.25236928 69.45743561 -0.99578846 0.06732383 -0.06216620 0.56824881 0.93992771 7 7 7 7 255 0 0 0
-11.26136684 -1.17109179 68.19203186 -0.98666340 0.08111820 -0.14090396 0.57713938 0.93766601 7 7 7 7 255 0 0 0
-8.57618713 -6.74393559 68.08113098 -0.84243292 -0.51518297 -0.15762810 0.57768518 0.90023161 7 7 7 7 255 0 0 0
-8.70112610 -6.92150307 69.36740875 -0.78777426 -0.61403239 -0.04821924 0.56871659 0.90140136 7 7 7 7 255 0 0 0
-4.91279936 -10.56614876 67.71457672 -0.55803096 -0.81734669 -0.14316233 0.58018076 0.86474682 7 7 7 7 255 0 0 0
-4.96277618 -10.77028561 69.26945496 -0.36085087 -0.93243200 -0.01831111 0.56934035 0.86521472 7 7 7 7 255 0 0 0
4.87042141 -10.46571827 67.94824219 0.52357554 -0.82122254 -0.22678304 0.57862067 0.78582241 4 7 4 4 128 127 0 0
8.20984936 -7.46582317 68.07159424 0.82308418 -0.55211037 -0.13299966 0.57776266 0.75197543 4 7 4 4 128 127 0 0
8.34103298 -7.63700294 69.36498260 0.76116216 -0.64519179 -0.06573687 0.56879401 0.75080563 7 7 7 7 255 0 0 0
4.96412468 -10.81015968 69.26225281 0.34736168 -0.93591112 -0.05780206 0.56933999 0.78512062 7 7 7 7 255 0 0 0
-6.37015486 6.62336731 69.46303558 -0.51023895 0.85915709 -0.03787347 0.56840456 0.89734603 7 7 7 7 255 0 0 0
-6.05780888 6.32060623 67.95590973 -0.67262793 0.70894498 -0.21192053 0.57893300 0.89461638 7 7 7 7 255 0 0 0
0.00408859 8.70835209 69.42063141 0.00900296 0.99777216 -0.06591998 0.56879425 0.82434882 7 7 7 7 255 0 0 0
0.01033593 8.22524071 68.13210297 -0.01739555 0.98532057 -0.16968292 0.57776296 0.82427074 7 7 7 7 255 0 0 0
0.01033593 -11.43440819 67.98030853 0.00350963 -0.98916590 -0.14673300 0.57830882 0.82427074 7 7 7 7 255 0 0 0
-0.00215778 -11.54761028 69.20317841 -0.00399792 -0.99996948 -0.00415052 0.56973016 0.82434882 7 7 7 7 255 0 0 0
7.00397015 6.69040918 68.18344116 0.66948456 0.71877193 0.18738365 0.57737273 0.75088359 7 7 7 7 255 0 0 0
6.82731199 6.34064341 69.45499420 0.49632251 0.85351115 0.15857418 0.56848204 0.74721813 7 7 7 7 255 0 0 0
11.61453819 -0.86266232 67.96679688 0.99746698 0.03646962 -0.06064028 0.57869840 0.69067639 7 7 7 7 255 0 0 0
12.22495079 -5.91723347 33.42193604 0.31412703 -0.86010313 -0.40189826 0.67526042 0.56733519 5 5 5 5 255 0 0 0
8.74640656 -6.69213390 37.10286713 -0.39945677 -0.86507767 -0.30338451 0.66263622 0.55247027 5 5 5 5 255 0 0 0
7.09416151 -5.50003242 37.03543854 -0.76763207 -0.54527420 -0.33664969 0.65553987 0.55336672 5 5 5 5 255 0 0 0
10.63660717 -7.82954407 40.10712433 0.22571489 -0.97323525 -0.04278695 0.67130113 0.54186296 5 5 5 5 255 0 0 0
13.59892654 -3.93834019 37.56560135 0.84392834 -0.53465378 0.04361095 0.68907970 0.55493516 5 5 5 5 255 0 0 0
14.24370193 -2.99089384 37.74369812 0.91888177 -0.39426863 0.01348918 0.69318807 0.55538327 5 5 5 5 255 0 0 0
3.20962667 -8.04578590 47.69002151 -0.44288462 -0.84456921 -0.30085146 0.64672512 0.50921977 5 5 5 5 255 0 0 0
5.58869171 -8.27360439 56.35095215 0.32749411 -0.94244212 0.06711020 0.66114169 0.47672564 5 4 5 5 128 127 0 0
0.00000184 -9.25355148 56.61644363 -0.00231941 -0.93719292 -0.34873500 0.63947904 0.47702467 5 4 6 5 85 85 85 0
0.00000184 7.36004448 56.77615738 -0.00048830 0.95889157 -0.28376111 0.77259231 0.48367196 5 4 6 5 85 85 85 0
7.52532816 6.27786207 50.77843094 0.07876828 0.99255347 -0.09271523 0.74585027 0.50525987 5 5 5 5 255 0 0 0
2.47693300 4.52868271 50.62229156 -0.30353710 0.90316474 -0.30347607 0.76721418 0.50750089 5 5 5 5 255 0 0 0
2.47693300 4.52868271 50.62229156 -0.90185249 0.28058717 -0.32847071 0.59570587 0.51848269 5 5 5 5 255 0 0 0
0.00000184 -1.25154614 52.48530579 -0.01602222 0.07431257 -0.99710077 0.61527681 0.50458854 5 6 5 5 128 127 0 0
0.00000184 7.36004448 56.77615738 -0.01748711 0.44587544 -0.89489424 0.57695633 0.50257200 5 4 6 5 85 85 85 0
5.94041729 -5.53137970 40.42839050 -0.71739858 -0.60359508 -0.34778893 0.65083373 0.54074264 5 5 5 5 255 0 0 0
4.18247843 4.17767715 42.15414047 -0.94155705 0.01364177 -0.33652762 0.61131805 0.54940796 5 5 5 5 255 0 0 0
11.20455170 4.69466352 37.09967041 0.08575701 0.99520862 0.04687643 0.73083633 0.56233007 5 5 5 5 255 0 0 0
14.11455250 2.70887995 37.56143951 0.89565724 0.42832729 0.11963256 0.71567243 0.55993980 5 5 5 5 255 0 0 0
14.74479961 4.61088800 33.79009628 0.66991180 0.72289193 0.16916409 0.71791351 0.57741922 5 5 5 5 255 0 0 0
11.87866211 4.81228256 32.90503311 0.07901242 0.95666373 0.28015992 0.72904366 0.58048189 5 5 5 5 255 0 0 0
8.19214249 4.31421804 32.83989716 -0.16782129 0.97677541 0.13306071 0.74405813 0.57883829 5 5 5 5 255 0 0 0
6.26750994 3.49883151 37.28807068 -0.26718956 0.94784385 -0.17368084 0.75190133 0.56128412 5 5 5 5 255 0 0 0
12.45022011 6.51704597 30.26505661 -0.05050813 0.88698995 0.45896786 0.72997749 0.59971678 5 8 5 5 128 127 0 0
16.93260956 5.32711649 28.19454575 0.66548663 0.53248698 0.52302623 0.71298355 0.60326511 8 8 8 8 255 0 0 0
13.16975689 8.08659744 27.59463882 0.02240059 0.94653159 0.32181770 0.72997749 0.59971678 8 8 8 8 255 0 0 0
15.14945602 4.10456657 31.04579353 0.85738701 0.36390272 0.36387220 0.71410388 0.58854938 5 8 5 5 128 127 0 0
9.22004986 5.95840120 27.19761658 -0.42634359 0.87874997 0.21445356 0.74562693 0.60109860 8 8 8 8 255 0 0 0
9.02022648 5.44023752 29.79307747 -0.26044497 0.91213721 0.31644642 0.74278843 0.59116364 5 8 5 5 128 127 0 0
17.05185318 0.27871704 28.31238174 0.90081483 -0.31202126 0.30191961 0.69505584 0.59773755 8 8 8 8 255 0 0 0
15.40237331 -0.55013037 31.05462837 0.91747797 -0.32264167 0.23258156 0.69453281 0.58459049 5 8 5 5 128 127 0 0
12.94045448 -3.57133770 29.95174789 0.22174749 -0.92184210 -0.31781974 0.67697859 0.58354473 5 8 5 5 128 127 0 0
13.35478592 -3.00136089 27.31690979 0.05890073 -0.95553452 -0.28885770 0.67623180 0.59534723 8 8 8 8 255 0 0 0
9.15296459 -1.78007984 29.69032097 -0.79396957 -0.36295664 -0.48768577 0.65972316 0.58451605 5 8 5 5 128 127 0 0
10.35873032 -0.81813240 27.56003189 -0.82476270 -0.44151127 -0.35325176 0.66196424 0.59504861 8 8 8 8 255 0 0 0
14.87525749 -1.70865059 34.22466660 0.97222817 -0.22617267 0.05969420 0.69430870 0.57047236 5 5 5 5 255 0 0 0
8.19214249 4.31421804 32.83989716 -0.94225895 0.01068148 -0.33460495 0.63200998 0.58660775 5 5 5 5 255 0 0 0
9.02022648 5.44023752 29.79307747 -0.95303202 -0.06549272 -0.29560229 0.63492334 0.59796208 5 8 5 5 128 127 0 0
7.50461721 -3.67178917 34.07839203 -0.76546526 -0.43675038 -0.47251809 0.65531576 0.56584132 5 5 5 5 255 0 0 0
9.22004986 5.95840120 27.19761658 -0.97076327 -0.17206335 -0.16730247 0.63708961 0.60625350 8 8 8 8 255 0 0 0
6.26750994 3.49883151 37.28807068 -0.94485307 -0.04705954 -0.32407606 0.62379289 0.56860548 5 5 5 5 255 0 0 0
9.33760071 5.96653318 42.03305817 0.10296945 0.98428297 -0.14331493 0.73867947 0.54104072 5 5 5 5 255 0 0 0
13.84142208 3.79230881 43.16974640 0.76573992 0.64073610 0.05545213 0.72045302 0.53663361 5 5 5 5 255 0 0 0
4.18247843 4.17767715 42.15414047 -0.32520524 0.93246251 -0.15717033 0.75981927 0.54111534 5 5 5 5 255 0 0 0
11.74730682 -7.24282646 36.43583679 0.39637440 -0.90157783 -0.17322306 0.67391574 0.55568212 5 5 5 5 255 0 0 0
14.24510574 -4.13580704 42.69445038 0.94924772 -0.30478835 0.07751702 0.69124573 0.53566289 5 5 5 5 255 0 0 0
18.40252686 6.36811161 23.69207001 0.86516923 0.45945615 0.20090334 0.71208733 0.62179038 8 8 8 8 255 0 0 0
14.24738312 8.84398174 23.01284027 0.09759820 0.99505597 0.01739555 0.72971624 0.62410596 8 8 8 8 255 0 0 0
10.44515896 7.57971334 20.71777344 -0.35279396 0.93566698 0.00418104 0.74704635 0.62955886 8 8 8 8 255 0 0 0
14.28074169 -1.13504791 22.70315933 0.03411970 -0.94644004 -0.32105473 0.67720294 0.61700988 8 8 8 8 255 0 0 0
18.75659943 2.19018388 23.80895233 0.87591171 -0.48200935 -0.01998962 0.69864154 0.61798075 8 8 8 8 255 0 0 0
11.43441391 1.86718035 20.98974228 -0.75515002 -0.54597616 -0.36277351 0.66114277 0.62425584 8 8 8 8 255 0 0 0
10.44515896 7.57971334 20.71777344 -0.94628739 -0.08795434 -0.31110570 0.63977897 0.63150167 8 8 8 8 255 0 0 0
8.81383991 -8.33561897 48.44394302 0.27704704 -0.96078372 -0.00943022 0.66831309 0.50936902 5 5 5 5 255 0 0 0
11.79176331 4.03752804 52.36826324 0.85808891 0.48811305 0.15927610 0.72590572 0.49913490 5 5 5 5 255 0 0 0
12.90565300 -4.57216263 49.54586029 0.85116124 -0.49085972 0.18585773 0.69079733 0.50832307 5 5 5 5 255 0 0 0
11.81047916 -1.65965414 57.50801849 0.97393721 -0.05136265 0.22086245 0.70304775 0.47694939 5 4 5 5 128 127 0 0
9.64826679 -5.77291298 57.18944550 0.70183414 -0.68614763 0.19129002 0.68250555 0.47597855 5 4 5 5 128 127 0 0
6.58410358 6.65727758 56.66884995 0.37580493 0.92590106 0.03793451 0.74786705 0.48068398 5 4 5 5 128 127 0 0
10.53084564 4.00737667 57.30319977 0.79686880 0.56752223 0.20706809 0.72762364 0.47889149 5 4 5 5 128 127 0 0
18.10625839 6.74680138 20.31774902 0.78969693 0.61339152 0.01107822 0.71231157 0.63433981 8 8 8 8 255 0 0 0
15.25245094 8.50105476 17.78404236 0.07538072 0.99331647 -0.08725242 0.72530919 0.64464813 8 8 8 8 255 0 0 0
12.68760109 7.25965786 16.54148102 -0.31116673 0.93404949 -0.17514573 0.73815739 0.64942864 8 8 8 8 255 0 0 0
18.38483429 3.39090800 17.54474258 0.94973600 -0.31080049 -0.03683584 0.69722247 0.64307964 8 8 8 8 255 0 0 0
15.73513889 0.62516642 15.21509552 0.01007111 -0.98776209 -0.15546128 0.67951894 0.64927977 8 8 8 8 255 0 0 0
12.98129940 3.95846534 14.75529099 -0.89681691 -0.29651785 -0.32828760 0.66106826 0.65152088 8 8 8 8 255 0 0 0
12.68760109 7.25965786 16.54148102 -0.92651141 0.11191137 -0.35920286 0.64642721 0.64771140 8 8 8 8 255 0 0 0
14.56893349 6.17216206 8.55345154 -0.52226323 0.84630877 -0.10455641 0.72882026 0.68244573 8 8 8 8 255 0 0 0
16.64412880 7.77066755 8.97418976 0.01855525 0.99819940 0.05652028 0.71754080 0.67960715 8 8 8 8 255 0 0 0
18.78958511 5.91412544 9.23057175 0.92541277 0.33771783 0.17175817 0.70446849 0.67781454 8 8 8 8 255 0 0 0
18.57081985 3.55430055 9.25484848 0.89349037 -0.42869350 0.13361004 0.69333833 0.67579779 8 8 8 8 255 0 0 0
16.87634659 1.17550349 8.94715500 0.02426222 -0.99871820 0.04419080 0.68101299 0.67520022 8 8 8 8 255 0 0 0
14.44333267 4.26386404 8.52154541 -0.91537219 -0.37723929 -0.14056826 0.66465396 0.67676902 8 8 8 8 255 0 0 0
14.56893349 6.17216206 8.55345154 -0.98785365 0.08584857 -0.12939848 0.65636247 0.67796415 8 8 8 8 255 0 0 0
14.43613243 4.42721796 5.95903397 -0.95614493 -0.28708762 -0.05761895 0.66428059 0.68677863 8 11 8 8 128 127 0 0
17.39532089 1.02918553 6.52760696 0.03317362 -0.99716181 0.06741539 0.68108779 0.68520981 8 11 8 8 128 127 0 0
14.79338455 6.52911901 5.96765518 -0.98388624 0.16748558 -0.06225776 0.65598893 0.68804854 8 11 8 8 128 127 0 0
14.79338455 6.52911901 5.96765518 -0.54081851 0.84099859 -0.01434370 0.72493613 0.69282889 8 11 8 8 128 127 0 0
17.14736557 7.77988577 6.31161880 0.02294992 0.99969482 0.00778222 0.71477693 0.69028911 8 11 8 8 128 127 0 0
19.71253014 6.24523211 6.76889420 0.77477342 0.56294441 0.28772852 0.70304918 0.68834713 8 11 8 8 128 127 0 0
19.38544464 3.74357724 6.77647018 0.89278847 -0.35798213 0.27332377 0.69356245 0.68633023 8 11 8 8 128 127 0 0
-12.62425613 -5.91723347 33.45412445 -0.31723991 -0.86434525 -0.39017916 0.67526042 0.56733519 6 6 6 6 255 0 0 0
-7.45963812 -5.50003242 37.01910400 0.76442760 -0.54527420 -0.34388256 0.65553987 0.55336672 6 6 6 6 255 0 0 0
-9.11117268 -6.69213390 37.10211182 0.39655751 -0.86507767 -0.30713829 0.66263622 0.55247027 6 6 6 6 255 0 0 0
-10.97297478 -7.82954407 40.12404633 -0.22611164 -0.97323525 -0.04065065 0.67130113 0.54186296 6 6 6 6 255 0 0 0
-14.60218620 -2.99089384 37.79471588 -0.91869867 -0.39426863 0.02215644 0.69318807 0.55538327 6 6 6 6 255 0 0 0
-13.95911884 -3.93834019 37.61055756 -0.84347057 -0.53465378 0.05157628 0.68907970 0.55493516 6 6 6 6 255 0 0 0
-3.47485828 -8.04578590 47.63659668 0.43504134 -0.84643084 -0.30701619 0.64672512 0.50921977 6 6 6 6 255 0 0 0
-5.77218914 -8.27360439 56.31957245 -0.32532731 -0.94293040 0.07061983 0.66114169 0.47672564 4 6 4 4 128 127 0 0
-2.71456003 4.52868271 50.56183624 0.30060732 0.90304267 -0.30674154 0.76721418 0.50750089 6 6 6 6 255 0 0 0
-7.76125956 6.27786207 50.76555252 -0.07913449 0.99258399 -0.09216590 0.74585027 0.50525987 6 6 6 6 255 0 0 0
-2.71456003 4.52868271 50.56183624 0.88814968 0.30179754 -0.34650716 0.59570587 0.51848269 6 6 6 6 255 0 0 0
-6.27396727 -5.53137970 40.40103149 0.71095920 -0.60573137 -0.35718864 0.65083373 0.54074264 6 6 6 6 255 0 0 0
-4.49984169 4.17767715 42.11013031 0.93682671 0.02154607 -0.34907070 0.61131805 0.54940796 6 6 6 6 255 0 0 0
-11.56924057 4.69466352 37.12207794 -0.08529923 0.99520862 0.04766991 0.73083633 0.56233007 6 6 6 6 255 0 0 0
-15.14052296 4.61088800 33.84601212 -0.66624957 0.72338021 0.18109684 0.71791351 0.57741922 6 6 6 6 255 0 0 0
-14.47476196 2.70887995 37.61124420 -0.89446700 0.42832729 0.12808618 0.71567243 0.55993980 6 6 6 6 255 0 0 0
-12.28285408 4.81228256 32.93397522 -0.08090457 0.95986813 0.26850185 0.72904366 0.58048189 6 6 6 6 255 0 0 0
-8.59711266 4.31421804 32.83409882 0.16891995 0.97808772 0.12164678 0.74405813 0.57883829 6 6 6 6 255 0 0 0
-6.63064098 3.49883151 37.26393890 0.26554155 0.94784385 -0.17618336 0.75190133 0.56128412 6 6 6 6 255 0 0 0
-12.94179535 6.51704597 29.98686028 0.05648976 0.89611501 0.44013795 0.72997749 0.59971678 9 6 9 9 128 127 0 0
-13.68647003 8.08659744 27.32334328 -0.01934873 0.94653159 0.32200080 0.72997749 0.59971678 9 9 9 9 255 0 0 0
-17.44350052 5.32711649 27.95869255 -0.66646320 0.52992338 0.52439952 0.71298355 0.60326511 9 9 9 9 255 0 0 0
-15.63355255 4.10456657 30.79300308 -0.85619676 0.35410628 0.37614062 0.71410388 0.58854938 9 6 9 9 128 127 0 0
-9.74067879 5.95840120 26.88911629 0.42835781 0.87874997 0.21042512 0.74562693 0.60109860 9 9 9 9 255 0 0 0
-9.51640415 5.44023752 29.48257637 0.26313058 0.92040771 0.28907132 0.74278843 0.59116364 9 6 9 9 128 127 0 0
-17.56162834 0.27871704 28.07764244 -0.89791560 -0.31202126 0.31040376 0.69505584 0.59773755 9 9 9 9 255 0 0 0
-13.43496323 -3.57133770 29.67818832 -0.22244942 -0.92754906 -0.30018005 0.67697859 0.58354473 9 6 9 9 128 127 0 0
-15.88637733 -0.55013037 30.80422020 -0.91348004 -0.32374036 0.24637593 0.69453281 0.58459049 9 6 9 9 128 127 0 0
-13.87411022 -3.00136089 27.04736519 -0.06161687 -0.95553452 -0.28827783 0.67623180 0.59534723 9 9 9 9 255 0 0 0
-10.87589264 -0.81813240 27.26223946 0.82137519 -0.44151127 -0.36103398 0.66196424 0.59504861 9 9 9 9 255 0 0 0
-9.65010452 -1.78007984 29.38107300 0.79329813 -0.36533707 -0.48698387 0.65972316 0.58451605 9 6 9 9 128 127 0 0
-15.26688194 -1.70865059 34.28179169 -0.97076327 -0.22760704 0.07617420 0.69430870 0.57047236 6 6 6 6 255 0 0 0
-9.51640415 5.44023752 29.48257637 0.95098728 -0.06555376 -0.30216375 0.63492334 0.59796208 9 6 9 9 128 127 0 0
-8.59711266 4.31421804 32.83409882 0.94116032 0.01129185 -0.33771783 0.63200998 0.58660775 6 6 6 6 255 0 0 0
-7.89794445 -3.67178917 34.06606293 0.76458019 -0.44218269 -0.46888638 0.65531576 0.56584132 6 6 6 6 255 0 0 0
-9.74067879 5.95840120 26.88911629 0.96914577 -0.17206335 -0.17642750 0.63708961 0.60625350 9 9 9 9 255 0 0 0
-6.63064098 3.49883151 37.26393890 0.94174016 -0.04705954 -0.33295694 0.62379289 0.56860548 6 6 6 6 255 0 0 0
-14.14878559 3.79230881 43.21672058 -0.76516008 0.64073610 0.06265450 0.72045302 0.53663361 6 6 6 6 255 0 0 0
-9.65587425 5.96653318 42.03765106 -0.10431226 0.98428297 -0.14233834 0.73867947 0.54104072 6 6 6 6 255 0 0 0
-4.49984169 4.17767715 42.11013031 0.32370982 0.93246251 -0.16022217 0.75981927 0.54111534 6 6 6 6 255 0 0 0
-12.11822510 -7.24282646 36.46339417 -0.39799190 -0.90157783 -0.16949980 0.67391574 0.55568212 6 6 6 6 255 0 0 0
-14.55692959 -4.13580704 42.74525833 -0.94848478 -0.30478835 0.08645894 0.69124573 0.53566289 6 6 6 6 255 0 0 0
-18.95578957 6.36811161 23.47026634 -0.86324656 0.45945615 0.20902127 0.71208733 0.62179038 9 9 9 9 255 0 0 0
-14.80723000 8.84398174 22.75190163 -0.09741508 0.99505597 0.01831111 0.72971624 0.62410596 9 9 9 9 255 0 0 0
-11.02680397 7.57971334 20.42110634 0.35279396 0.93566698 0.00085452 0.74704635 0.62955886 9 9 9 9 255 0 0 0
-19.30874252 2.19018388 23.59048271 -0.87606436 -0.48200935 -0.01171911 0.69864154 0.61798075 9 9 9 9 255 0 0 0
-14.84350777 -1.13504791 22.44255257 -0.03714103 -0.94644004 -0.32071900 0.67720294 0.61700988 9 9 9 9 255 0 0 0
-12.01345158 1.86718035 20.70238686 0.75170141 -0.54597616 -0.36988434 0.66114277 0.62425584 9 9 9 9 255 0 0 0
-11.02680397 7.57971334 20.42110634 0.94329661 -0.08795434 -0.32001710 0.63977897 0.63150167 9 9 9 9 255 0 0 0
-9.07171631 -8.33561897 48.44330978 -0.27710807 -0.96078372 -0.00680563 0.66831309 0.50936902 6 6 6 6 255 0 0 0
-12.01251984 4.03752804 52.39551544 -0.85656303 0.48811305 0.16736351 0.72590572 0.49913490 6 6 6 6 255 0 0 0
-13.15296555 -4.57216263 49.58374405 -0.84936064 -0.49085972 0.19385357 0.69079733 0.50832307 6 6 6 6 255 0 0 0
-11.98279762 -1.65965414 57.53521729 -0.97180092 -0.05136265 0.23001800 0.70304775 0.47694939 4 6 4 4 128 127 0 0
-9.82368088 -5.77291298 57.19628906 -0.70000303 -0.68614763 0.19788201 0.68250555 0.47597855 4 6 4 4 128 127 0 0
-6.76456165 6.65727758 56.64682770 -0.37440106 0.92632830 0.04129154 0.74786705 0.48068398 4 6 4 4 128 127 0 0
-10.70514870 4.00737667 57.31835556 -0.79488510 0.56752223 0.21457563 0.72762364 0.47889149 4 6 4 4 128 127 0 0
-18.69133759 6.74680138 20.09330177 -0.78954434 0.61339152 0.01852474 0.71231157 0.63433981 9 9 9 9 255 0 0 0
-15.86153698 8.50105476 17.53281212 -0.07617420 0.99331647 -0.08651997 0.72530919 0.64464813 9 9 9 9 255 0 0 0
-13.30850983 7.25965786 16.26613045 0.30948821 0.93404949 -0.17807551 0.73815739 0.64942864 9 9 9 9 255 0 0 0
-18.99603653 3.39090800 17.32304573 -0.95004117 -0.31080049 -0.02789392 0.69722247 0.64307964 9 9 9 9 255 0 0 0
-16.36841202 0.62516642 14.96852779 -0.01153600 -0.98776209 -0.15533921 0.67951894 0.64927977 9 9 9 9 255 0 0 0
-13.61902905 3.95846534 14.48279095 0.89367354 -0.29651785 -0.33671072 0.66106826 0.65152088 9 9 9 9 255 0 0 0
-13.30850983 7.25965786 16.26613045 0.92309338 0.11191137 -0.36790064 0.64642721 0.64771140 9 9 9 9 255 0 0 0
-15.26504517 6.17216206 8.29618740 0.52125615 0.84630877 -0.10950042 0.72882026 0.68244573 9 9 9 9 255 0 0 0
-17.33618546 7.77066755 8.73646450 -0.01803644 0.99819940 0.05670339 0.71754080 0.67960715 9 9 9 9 255 0 0 0
-19.47912598 5.91412544 9.01306057 -0.92376477 0.33771783 0.18048647 0.70446849 0.67781454 9 9 9 9 255 0 0 0
-19.26014328 3.55430055 9.03527737 -0.89217812 -0.42869350 0.14203314 0.69333833 0.67579779 9 9 9 9 255 0 0 0
-17.56864357 1.17550349 8.71162319 -0.02383496 -0.99871820 0.04440443 0.68101299 0.67520022 9 9 9 9 255 0 0 0
-15.13975143 4.26386404 8.26309872 0.91399884 -0.37723929 -0.14920500 0.66465396 0.67676902 9 9 9 9 255 0 0 0
-15.26504517 6.17216206 8.29618740 0.98660237 0.08584857 -0.13870662 0.65636247 0.67796415 9 9 9 9 255 0 0 0
-15.15669823 4.42721796 5.70063257 0.95556504 -0.28708762 -0.06662191 0.66428059 0.68677863 9 12 9 9 128 127 0 0
-18.11039734 1.02918553 6.29707193 -0.03253273 -0.99716181 0.06772057 0.68108779 0.68520981 9 12 9 9 128 127 0 0
-15.51385593 6.52911901 5.71262598 0.98324531 0.16748558 -0.07153539 0.65598893 0.68804854 9 12 9 9 128 127 0 0
-15.51385593 6.52911901 5.71262598 0.54066592 0.84099859 -0.01944029 0.72493613 0.69282889 9 12 9 9 128 127 0 0
-17.86448860 7.77988577 6.07875681 -0.02288888 0.99969482 0.00799585 0.71477693 0.69028911 9 12 9 9 128 127 0 0
-20.42523384 6.24523211 6.56019068 -0.77202672 0.56294441 0.29502243 0.70304918 0.68834713 9 12 9 9 128 127 0 0
-20.09809113 3.74357724 6.56468058 -0.89019442 -0.35798213 0.28174689 0.69356245 0.68633023 9 12 9 9 128 127 0 0
14.98359108 4.60874176 3.71023512 -0.97793514 -0.18848231 -0.08981597 0.39660805 0.20664591 11 11 11 11 255 0 0 0
14.75713730 3.03037715 3.84677696 -0.85348064 -0.42475662 0.30182806 0.40110755 0.21772534 11 11 11 11 255 0 0 0
15.37289238 4.03762817 4.75520945 -0.83056122 -0.50059509 0.24399549 0.39472109 0.21148413 11 11 11 11 255 0 0 0
15.25428200 3.15239453 2.46627808 -0.94924772 -0.28974274 -0.12216559 0.39740837 0.21777320 11 11 11 11 255 0 0 0
